function f = f(x)
    f = 0.2 + 25*x - 200*x^2 + 67*x^3 - 900*x^4 + 400*x^5;
end 
